Lstar[0] = 
6.90522e-310  2.01438e-28 -1.04907e-29  4.87552e-28  2.01438e-28 -1.04907e-29            0 -1.70516e-15  1.05736e-14            0 -1.53241e-15  1.73804e-14
6.90522e-310  9.05284e-29 -4.62833e-30  2.01438e-28  9.05284e-29 -4.62833e-30            0  2.77556e-17  6.06915e-15            0 -1.69136e-17  7.40133e-15
6.90522e-310 -4.62833e-30  2.65132e-31 -1.04907e-29 -4.62833e-30  2.65132e-31            0 -1.99493e-17 -3.21791e-16            0  -2.0383e-17 -3.61256e-16
6.90522e-310  2.01438e-28 -1.04907e-29  4.87552e-28  2.01438e-28 -1.04907e-29            0 -1.70516e-15  1.05736e-14            0 -1.53241e-15  1.73804e-14
 2.01438e-28  9.05284e-29 -4.62833e-30  2.01438e-28  9.05284e-29 -4.62833e-30            0  2.77556e-17  6.06915e-15            0 -1.69136e-17  7.40133e-15
-1.04907e-29 -4.62833e-30  2.65132e-31 -1.04907e-29 -4.62833e-30  2.65132e-31            0 -1.99493e-17 -3.21791e-16            0  -2.0383e-17 -3.61256e-16
           0            0            0            0            0            0            0            0            0            0            0            0
-1.70516e-15  2.77556e-17 -1.99493e-17 -1.70516e-15  2.77556e-17 -1.99493e-17            0      62.7319    0.0424514            0 -9.94372e-09  0.000200982
 1.05736e-14  6.06915e-15 -3.21791e-16  1.05736e-14  6.06915e-15 -3.21791e-16            0    0.0424514      40.2277            0  4.18619e-09  -8.4611e-05
           0            0            0            0            0            0            0            0            0            0            0            0
-1.53241e-15 -1.69136e-17  -2.0383e-17 -1.53241e-15 -1.69136e-17  -2.0383e-17            0 -9.94372e-09  4.18619e-09            0      10.7851    -0.148651
 1.73804e-14  7.40133e-15 -3.61256e-16  1.73804e-14  7.40133e-15 -3.61256e-16            0  0.000200982  -8.4611e-05            0    -0.148651      195.051
Lstar[1] = 
6.90522e-310     0.108465    0.0630598 -0.000805622     0.148682    0.0184956    -0.148682     0.172365  0.000955571   -0.0193013  0.000204191  -0.00112094     0.235994   0.00112094  0.000236701 -0.000654229
6.90522e-310     0.108465    0.0630598 -0.000805622     0.148682    0.0184956    -0.148682     0.172365  0.000955571   -0.0193013  0.000204191  -0.00112094     0.235994   0.00112094  0.000236701 -0.000654229
           0    0.0630598      1.84766   0.00708562      3.32984     -1.12183     -3.32984     -2.84336    -0.205875   -0.0112215  0.000118714 -0.000651699     0.137203  0.000651699  0.000137615 -0.000380359
           0 -0.000805622   0.00708562      1.24496   -0.0825475   -0.0235293    0.0825475   -0.0322262     -4.63115  0.000143361 -1.51663e-06  8.32579e-06  -0.00175285 -8.32579e-06  -1.7581e-06  4.85929e-06
    0.148682     0.148682      3.32984   -0.0825475       39.188     -2.00466      -39.188     -5.03714     -0.82992    -0.026458  0.000279903  -0.00153657     0.323497   0.00153657  0.000324467 -0.000896809
   0.0184956    0.0184956     -1.12183   -0.0235293     -2.00466      2.09249      2.00466       3.2513     0.319108   -0.0032913  3.48191e-05 -0.000191145    0.0402421  0.000191145  4.03626e-05  -0.00011156
   -0.148682    -0.148682     -3.32984    0.0825475      -39.188      2.00466       39.188      5.03714      0.82992     0.026458 -0.000279903   0.00153657    -0.323497  -0.00153657 -0.000324467  0.000896809
    0.172365     0.172365     -2.84336   -0.0322262     -5.03714       3.2513      5.03714      6.43939     0.526894   -0.0306724  0.000324488  -0.00178133     0.375026   0.00178133   0.00037615  -0.00103966
 0.000955571  0.000955571    -0.205875     -4.63115     -0.82992     0.319108      0.82992     0.526894      60.6989 -0.000170044  1.79892e-06 -9.87546e-06    0.0020791  9.87546e-06  2.08533e-06 -5.76375e-06
  -0.0193013   -0.0193013   -0.0112215  0.000143361    -0.026458   -0.0032913     0.026458   -0.0306724 -0.000170044      7.73833    0.0294748     -13.8455      -16.915      13.8455      9.13809     0.151973
 0.000204191  0.000204191  0.000118714 -1.51663e-06  0.000279903  3.48191e-05 -0.000279903  0.000324488  1.79892e-06    0.0294748       1.3211    -0.145121   -0.0618979     0.145121    0.0328314     -3.78396
 -0.00112094  -0.00112094 -0.000651699  8.32579e-06  -0.00153657 -0.000191145   0.00153657  -0.00178133 -9.87546e-06     -13.8455    -0.145121      57.9608      30.1955     -57.9608     -16.3522    -0.566947
    0.235994     0.235994     0.137203  -0.00175285     0.323497    0.0402421    -0.323497     0.375026    0.0020791      -16.915   -0.0618979      30.1955      44.9462     -30.1955     -27.5592    -0.338425
  0.00112094   0.00112094  0.000651699 -8.32579e-06   0.00153657  0.000191145  -0.00153657   0.00178133  9.87546e-06      13.8455     0.145121     -57.9608     -30.1955      57.9608      16.3522     0.566947
 0.000236701  0.000236701  0.000137615  -1.7581e-06  0.000324467  4.03626e-05 -0.000324467   0.00037615  2.08533e-06      9.13809    0.0328314     -16.3522     -27.5592      16.3522      18.4215     0.185143
-0.000654229 -0.000654229 -0.000380359  4.85929e-06 -0.000896809  -0.00011156  0.000896809  -0.00103966 -5.76375e-06     0.151973     -3.78396    -0.566947    -0.338425     0.566947     0.185143      42.5492
Lstar[0] = 
6.90522e-310  -0.00299851  -0.00250988   1.8764e-08  1.77644e-08  2.75876e-07            0     0.107416     -2.57565  4.45762e-21 -5.39339e-09  -2.3739e-07
6.90522e-310     0.409527   -0.0230553  8.14991e-08  7.71577e-08  1.19824e-06            0     0.161977   0.00565731  1.93611e-20 -2.34256e-08 -1.03108e-06
           0   -0.0230553   0.00155232  8.89764e-07  8.42367e-07  1.30817e-05            0  -0.00943522   0.00864464  2.11375e-19 -2.55748e-07 -1.12567e-05
           0  8.14991e-08  8.89764e-07     0.554594  0.000141447  -0.00155948            0  3.45949e-08  -1.4564e-08 -4.57976e-15   0.00554118    -0.554855
 1.77644e-08  7.71577e-08  8.42367e-07  0.000141447     0.387393     0.022303            0   3.2752e-08 -1.37882e-08  1.16047e-13    -0.140409   -0.0342109
 2.75876e-07  1.19824e-06  1.30817e-05  -0.00155948     0.022303   0.00145659            0  5.08629e-07 -2.14127e-07  6.68775e-15   -0.0080917 -0.000534039
           0            0            0            0            0            0            0            0            0            0            0            0
    0.107416     0.161977  -0.00943522  3.45949e-08   3.2752e-08  5.08629e-07            0      62.7319    0.0424514  8.21844e-21 -9.94372e-09 -4.37673e-07
    -2.57565   0.00565731   0.00864464  -1.4564e-08 -1.37882e-08 -2.14127e-07            0    0.0424514      40.2277 -3.45987e-21  4.18619e-09  1.84255e-07
 4.45762e-21  1.93611e-20  2.11375e-19 -4.57976e-15  1.16047e-13  6.68775e-15            0  8.21844e-21 -3.45987e-21  7.36727e-24 -8.91387e-12  2.71241e-14
-5.39339e-09 -2.34256e-08 -2.55748e-07   0.00554118    -0.140409   -0.0080917            0 -9.94372e-09  4.18619e-09 -8.91387e-12      10.7851   -0.0328182
 -2.3739e-07 -1.03108e-06 -1.12567e-05    -0.554855   -0.0342109 -0.000534039            0 -4.37673e-07  1.84255e-07  2.71241e-14   -0.0328182      9.48582
Lstar[1] = 
6.90522e-310     0.109623   -0.0194895  0.000112898   0.00120515     0.238552  -0.00120515  0.000183692 -0.000452888   -0.0195148  0.000131272  -0.00113153       0.2386   0.00113153  0.000161002 -0.000445995
6.90522e-310     0.109623   -0.0194895  0.000112898   0.00120515     0.238552  -0.00120515  0.000183692 -0.000452888   -0.0195148  0.000131272  -0.00113153       0.2386   0.00113153  0.000161002 -0.000445995
           0   -0.0194895      7.49987    -0.124617      13.4144     -15.0646     -13.4144      7.52575     0.134259   0.00346947  -2.3271e-05  0.000201198   -0.0424199 -0.000201197 -2.85891e-05  7.90986e-05
           0  0.000112898    -0.124617   0.00475468    -0.521193      0.24993     0.521193    -0.125086  -0.00489004 -2.03962e-05  1.28978e-07 -5.63617e-07  0.000246327  5.63614e-07 -1.34268e-07 -4.51766e-07
  0.00120515   0.00120515      13.4144    -0.521193      57.1473     -26.8793     -57.1473      13.4673     0.535642 -0.000214602  1.54376e-06 -1.22929e-05   0.00262313  1.22931e-05  1.77053e-06 -5.19394e-06
    0.238552     0.238552     -15.0646      0.24993     -26.8793      30.6224      26.8793     -15.0807     -0.26987   -0.0424665  0.000285526  -0.00246227      0.51922   0.00246226   0.00035023 -0.000970147
 -0.00120515  -0.00120515     -13.4144     0.521193     -57.1473      26.8793      57.1473     -13.4673    -0.535642  0.000214601 -1.54377e-06   1.2295e-05  -0.00262313 -1.22952e-05 -1.77157e-06  5.19395e-06
 0.000183692  0.000183692      7.52575    -0.125086      13.4673     -15.0807     -13.4673      7.55527     0.134705  -3.2603e-05  2.89411e-07 -2.08142e-06  0.000399576  2.08157e-06  4.10932e-07 -9.43207e-07
-0.000452888 -0.000452888     0.134259  -0.00489004     0.535642     -0.26987    -0.535642     0.134705      43.4283  8.17357e-05 -5.21629e-07  2.42766e-06 -0.000987965 -2.42765e-06   4.5365e-07  1.82155e-06
  -0.0195148   -0.0195148   0.00346947 -2.03962e-05 -0.000214602   -0.0424665  0.000214601  -3.2603e-05  8.17357e-05      7.49293     0.116709     -13.3933     -15.0506      13.3933       7.5186     -0.10577
 0.000131272  0.000131272  -2.3271e-05  1.28978e-07  1.54376e-06  0.000285526 -1.54377e-06  2.89411e-07 -5.21629e-07     0.116709   0.00450377    -0.507028    -0.233633     0.507028     0.117186  -0.00431206
 -0.00113153  -0.00113153  0.000201198 -5.63617e-07 -1.22929e-05  -0.00246227   1.2295e-05 -2.08142e-06  2.42766e-06     -13.3933    -0.507028      57.0963      26.8367     -57.0963     -13.4456     0.485073
      0.2386       0.2386   -0.0424199  0.000246327   0.00262313      0.51922  -0.00262313  0.000399576 -0.000987965     -15.0506    -0.233633      26.8367       30.594     -26.8367     -15.0662     0.211138
  0.00113153   0.00113153 -0.000201197  5.63614e-07  1.22931e-05   0.00246226 -1.22952e-05  2.08157e-06 -2.42765e-06      13.3933     0.507028     -57.0963     -26.8367      57.0963      13.4456    -0.485073
 0.000161002  0.000161002 -2.85891e-05 -1.34268e-07  1.77053e-06   0.00035023 -1.77157e-06  4.10932e-07   4.5365e-07       7.5186     0.117186     -13.4456     -15.0662      13.4456      7.54792    -0.106261
-0.000445995 -0.000445995  7.90986e-05 -4.51766e-07 -5.19394e-06 -0.000970147  5.19395e-06 -9.43207e-07  1.82155e-06     -0.10577  -0.00431206     0.485073     0.211138    -0.485073    -0.106261      31.6984
Lstar[0] = 
6.90522e-310  -0.00299851  -0.00250988   1.8764e-08  1.77644e-08  2.75876e-07            0     0.107416     -2.57565  4.45762e-21 -5.39339e-09  -2.3739e-07
6.90522e-310     0.409527   -0.0230553  8.14991e-08  7.71577e-08  1.19824e-06            0     0.161977   0.00565731  1.93611e-20 -2.34256e-08 -1.03108e-06
           0   -0.0230553   0.00155232  8.89764e-07  8.42367e-07  1.30817e-05            0  -0.00943522   0.00864464  2.11375e-19 -2.55748e-07 -1.12567e-05
           0  8.14991e-08  8.89764e-07     0.554594  0.000141447  -0.00155948            0  3.45949e-08  -1.4564e-08 -4.57976e-15   0.00554118    -0.554855
 1.77644e-08  7.71577e-08  8.42367e-07  0.000141447     0.387393     0.022303            0   3.2752e-08 -1.37882e-08  1.16047e-13    -0.140409   -0.0342109
 2.75876e-07  1.19824e-06  1.30817e-05  -0.00155948     0.022303   0.00145659            0  5.08629e-07 -2.14127e-07  6.68775e-15   -0.0080917 -0.000534039
           0            0            0            0            0            0            0            0            0            0            0            0
    0.107416     0.161977  -0.00943522  3.45949e-08   3.2752e-08  5.08629e-07            0      62.7319    0.0424514  8.21844e-21 -9.94372e-09 -4.37673e-07
    -2.57565   0.00565731   0.00864464  -1.4564e-08 -1.37882e-08 -2.14127e-07            0    0.0424514      40.2277 -3.45987e-21  4.18619e-09  1.84255e-07
 4.45762e-21  1.93611e-20  2.11375e-19 -4.57976e-15  1.16047e-13  6.68775e-15            0  8.21844e-21 -3.45987e-21  7.36727e-24 -8.91387e-12  2.71241e-14
-5.39339e-09 -2.34256e-08 -2.55748e-07   0.00554118    -0.140409   -0.0080917            0 -9.94372e-09  4.18619e-09 -8.91387e-12      10.7851   -0.0328182
 -2.3739e-07 -1.03108e-06 -1.12567e-05    -0.554855   -0.0342109 -0.000534039            0 -4.37673e-07  1.84255e-07  2.71241e-14   -0.0328182      9.48582
Lstar[1] = 
6.90522e-310     0.109623   -0.0194895  0.000112898   0.00120515     0.238552  -0.00120515  0.000183692 -0.000452888   -0.0195148  0.000131272  -0.00113153       0.2386   0.00113153  0.000161002 -0.000445995
6.90522e-310     0.109623   -0.0194895  0.000112898   0.00120515     0.238552  -0.00120515  0.000183692 -0.000452888   -0.0195148  0.000131272  -0.00113153       0.2386   0.00113153  0.000161002 -0.000445995
6.90522e-310   -0.0194895      7.49987    -0.124617      13.4144     -15.0646     -13.4144      7.52575     0.134259   0.00346947  -2.3271e-05  0.000201198   -0.0424199 -0.000201197 -2.85891e-05  7.90986e-05
6.90522e-310  0.000112898    -0.124617   0.00475468    -0.521193      0.24993     0.521193    -0.125086  -0.00489004 -2.03962e-05  1.28978e-07 -5.63617e-07  0.000246327  5.63614e-07 -1.34268e-07 -4.51766e-07
  0.00120515   0.00120515      13.4144    -0.521193      57.1473     -26.8793     -57.1473      13.4673     0.535642 -0.000214602  1.54376e-06 -1.22929e-05   0.00262313  1.22931e-05  1.77053e-06 -5.19394e-06
    0.238552     0.238552     -15.0646      0.24993     -26.8793      30.6224      26.8793     -15.0807     -0.26987   -0.0424665  0.000285526  -0.00246227      0.51922   0.00246226   0.00035023 -0.000970147
 -0.00120515  -0.00120515     -13.4144     0.521193     -57.1473      26.8793      57.1473     -13.4673    -0.535642  0.000214601 -1.54377e-06   1.2295e-05  -0.00262313 -1.22952e-05 -1.77157e-06  5.19395e-06
 0.000183692  0.000183692      7.52575    -0.125086      13.4673     -15.0807     -13.4673      7.55527     0.134705  -3.2603e-05  2.89411e-07 -2.08142e-06  0.000399576  2.08157e-06  4.10932e-07 -9.43207e-07
-0.000452888 -0.000452888     0.134259  -0.00489004     0.535642     -0.26987    -0.535642     0.134705      43.4283  8.17357e-05 -5.21629e-07  2.42766e-06 -0.000987965 -2.42765e-06   4.5365e-07  1.82155e-06
  -0.0195148   -0.0195148   0.00346947 -2.03962e-05 -0.000214602   -0.0424665  0.000214601  -3.2603e-05  8.17357e-05      7.49293     0.116709     -13.3933     -15.0506      13.3933       7.5186     -0.10577
 0.000131272  0.000131272  -2.3271e-05  1.28978e-07  1.54376e-06  0.000285526 -1.54377e-06  2.89411e-07 -5.21629e-07     0.116709   0.00450377    -0.507028    -0.233633     0.507028     0.117186  -0.00431206
 -0.00113153  -0.00113153  0.000201198 -5.63617e-07 -1.22929e-05  -0.00246227   1.2295e-05 -2.08142e-06  2.42766e-06     -13.3933    -0.507028      57.0963      26.8367     -57.0963     -13.4456     0.485073
      0.2386       0.2386   -0.0424199  0.000246327   0.00262313      0.51922  -0.00262313  0.000399576 -0.000987965     -15.0506    -0.233633      26.8367       30.594     -26.8367     -15.0662     0.211138
  0.00113153   0.00113153 -0.000201197  5.63614e-07  1.22931e-05   0.00246226 -1.22952e-05  2.08157e-06 -2.42765e-06      13.3933     0.507028     -57.0963     -26.8367      57.0963      13.4456    -0.485073
 0.000161002  0.000161002 -2.85891e-05 -1.34268e-07  1.77053e-06   0.00035023 -1.77157e-06  4.10932e-07   4.5365e-07       7.5186     0.117186     -13.4456     -15.0662      13.4456      7.54792    -0.106261
-0.000445995 -0.000445995  7.90986e-05 -4.51766e-07 -5.19394e-06 -0.000970147  5.19395e-06 -9.43207e-07  1.82155e-06     -0.10577  -0.00431206     0.485073     0.211138    -0.485073    -0.106261      31.6984
Lstar[0] = 
6.90522e-310  4.46274e-06  3.44587e-08 -2.78087e-07 -5.46242e-05  2.72694e-07 -3.50706e-07 -1.28562e-07    -0.484709  -0.00242191     0.865575      3.74978
6.90522e-310  1.93834e-05  1.49667e-07 -1.20784e-06 -0.000237254  1.18441e-06 -1.52325e-06 -5.58393e-07    0.0532437    -0.734604    -0.210656    -0.117704
6.90522e-310  0.000211617  1.63399e-06 -1.31865e-05  -0.00259021  1.29308e-05   -1.663e-05 -6.09623e-06    0.0403325     0.042138   -0.0747239   -0.0920398
6.90522e-310    -0.348093   0.00589384    -0.624654      2.69617     0.630195      -2.9031   -0.0332097  1.45609e-05 -1.54215e-07  8.46725e-07 -0.000178036
-7.74702e-05    0.0476516     0.694899     0.199574   -0.0951234    -0.339982     0.013106      -2.5295  1.37853e-05    -1.46e-07  8.01621e-07 -0.000168553
 -0.00120309    0.0377304    0.0395308    0.0642111   -0.0834202   -0.0723028    0.0427496    -0.145086  0.000214081 -2.26734e-06  1.24489e-05  -0.00261757
           0            0            0            0            0            0            0            0            0            0            0            0
-4.63454e-05  8.22789e-06  6.35311e-08 -5.12706e-07  -0.00010071  5.02762e-07 -6.46591e-07 -2.37027e-07   -0.0369164     -0.29135   0.00500273     0.461021
 1.95109e-05 -3.46384e-06 -2.67458e-08  2.15843e-07  4.23976e-05 -2.11657e-07  2.72207e-07  9.97857e-08      1.62116    0.0159565     -2.89438     -12.5313
-1.94395e-17  1.56325e-14   2.0816e-13  6.01224e-14 -4.78678e-14 -8.97399e-12  5.93205e-14  3.15146e-12  3.45913e-18 -3.66357e-20   2.0115e-19 -4.22948e-17
 2.35204e-05   -0.0189142    -0.251859   -0.0727438    0.0579165      10.8579   -0.0717736     -3.81304  -4.1853e-06  4.43265e-08 -2.43377e-07  5.11736e-05
  0.00103525     0.317204    -0.066646     0.567128     -2.63347    -0.599946      11.8042     0.661815 -0.000184216  1.95103e-06 -1.07122e-05    0.0022524
Lstar[1] = 
6.90522e-310   -0.0194895  0.000112898   0.00120515     0.238552  -0.00120515  0.000183692 -0.000452888   -0.0195148  0.000131272  -0.00113153       0.2386   0.00113153  0.000161002 -0.000445995  -2.9058e-08
6.90522e-310   -0.0194895  0.000112898   0.00120515     0.238552  -0.00120515  0.000183692 -0.000452888   -0.0195148  0.000131272  -0.00113153       0.2386   0.00113153  0.000161002 -0.000445995 1.50245e-320
6.90522e-310      7.49987    -0.124617      13.4144     -15.0646     -13.4144      7.52575     0.134259   0.00346947  -2.3271e-05  0.000201198   -0.0424199 -0.000201197 -2.85891e-05  7.90986e-05 6.90522e-310
6.90522e-310    -0.124617   0.00475468    -0.521193      0.24993     0.521193    -0.125086  -0.00489004 -2.03962e-05  1.28978e-07 -5.63617e-07  0.000246327  5.63614e-07 -1.34268e-07 -4.51766e-07 6.90522e-310
  0.00120515      13.4144    -0.521193      57.1473     -26.8793     -57.1473      13.4673     0.535642 -0.000214602  1.54376e-06 -1.22929e-05   0.00262313  1.22931e-05  1.77053e-06 -5.19394e-06            0
    0.238552     -15.0646      0.24993     -26.8793      30.6224      26.8793     -15.0807     -0.26987   -0.0424665  0.000285526  -0.00246227      0.51922   0.00246226   0.00035023 -0.000970147            0
 -0.00120515     -13.4144     0.521193     -57.1473      26.8793      57.1473     -13.4673    -0.535642  0.000214601 -1.54377e-06   1.2295e-05  -0.00262313 -1.22952e-05 -1.77157e-06  5.19395e-06   0.00120515
 0.000183692      7.52575    -0.125086      13.4673     -15.0807     -13.4673      7.55527     0.134705  -3.2603e-05  2.89411e-07 -2.08142e-06  0.000399576  2.08157e-06  4.10932e-07 -9.43207e-07     0.238552
-0.000452888     0.134259  -0.00489004     0.535642     -0.26987    -0.535642     0.134705      43.4283  8.17357e-05 -5.21629e-07  2.42766e-06 -0.000987965 -2.42765e-06   4.5365e-07  1.82155e-06  -0.00120515
  -0.0195148   0.00346947 -2.03962e-05 -0.000214602   -0.0424665  0.000214601  -3.2603e-05  8.17357e-05      7.49293     0.116709     -13.3933     -15.0506      13.3933       7.5186     -0.10577  0.000183692
 0.000131272  -2.3271e-05  1.28978e-07  1.54376e-06  0.000285526 -1.54377e-06  2.89411e-07 -5.21629e-07     0.116709   0.00450377    -0.507028    -0.233633     0.507028     0.117186  -0.00431206 -0.000452888
 -0.00113153  0.000201198 -5.63617e-07 -1.22929e-05  -0.00246227   1.2295e-05 -2.08142e-06  2.42766e-06     -13.3933    -0.507028      57.0963      26.8367     -57.0963     -13.4456     0.485073   -0.0195148
      0.2386   -0.0424199  0.000246327   0.00262313      0.51922  -0.00262313  0.000399576 -0.000987965     -15.0506    -0.233633      26.8367       30.594     -26.8367     -15.0662     0.211138  0.000131272
  0.00113153 -0.000201197  5.63614e-07  1.22931e-05   0.00246226 -1.22952e-05  2.08157e-06 -2.42765e-06      13.3933     0.507028     -57.0963     -26.8367      57.0963      13.4456    -0.485073  -0.00113153
 0.000161002 -2.85891e-05 -1.34268e-07  1.77053e-06   0.00035023 -1.77157e-06  4.10932e-07   4.5365e-07       7.5186     0.117186     -13.4456     -15.0662      13.4456      7.54792    -0.106261       0.2386
-0.000445995  7.90986e-05 -4.51766e-07 -5.19394e-06 -0.000970147  5.19395e-06 -9.43207e-07  1.82155e-06     -0.10577  -0.00431206     0.485073     0.211138    -0.485073    -0.106261      31.6984   0.00113153
Lstar[0] = 
6.90522e-310  -0.00299851  -0.00250988   1.8764e-08  1.77644e-08  2.75876e-07            0     0.107416     -2.57565  4.45762e-21 -5.39339e-09  -2.3739e-07
6.90522e-310     0.409527   -0.0230553  8.14991e-08  7.71577e-08  1.19824e-06            0     0.161977   0.00565731  1.93611e-20 -2.34256e-08 -1.03108e-06
           0   -0.0230553   0.00155232  8.89764e-07  8.42367e-07  1.30817e-05            0  -0.00943522   0.00864464  2.11375e-19 -2.55748e-07 -1.12567e-05
           0  8.14991e-08  8.89764e-07     0.554594  0.000141447  -0.00155948            0  3.45949e-08  -1.4564e-08 -4.57976e-15   0.00554118    -0.554855
 1.77644e-08  7.71577e-08  8.42367e-07  0.000141447     0.387393     0.022303            0   3.2752e-08 -1.37882e-08  1.16047e-13    -0.140409   -0.0342109
 2.75876e-07  1.19824e-06  1.30817e-05  -0.00155948     0.022303   0.00145659            0  5.08629e-07 -2.14127e-07  6.68775e-15   -0.0080917 -0.000534039
           0            0            0            0            0            0            0            0            0            0            0            0
    0.107416     0.161977  -0.00943522  3.45949e-08   3.2752e-08  5.08629e-07            0      62.7319    0.0424514  8.21844e-21 -9.94372e-09 -4.37673e-07
    -2.57565   0.00565731   0.00864464  -1.4564e-08 -1.37882e-08 -2.14127e-07            0    0.0424514      40.2277 -3.45987e-21  4.18619e-09  1.84255e-07
 4.45762e-21  1.93611e-20  2.11375e-19 -4.57976e-15  1.16047e-13  6.68775e-15            0  8.21844e-21 -3.45987e-21  7.36727e-24 -8.91387e-12  2.71241e-14
-5.39339e-09 -2.34256e-08 -2.55748e-07   0.00554118    -0.140409   -0.0080917            0 -9.94372e-09  4.18619e-09 -8.91387e-12      10.7851   -0.0328182
 -2.3739e-07 -1.03108e-06 -1.12567e-05    -0.554855   -0.0342109 -0.000534039            0 -4.37673e-07  1.84255e-07  2.71241e-14   -0.0328182      9.48582
Lstar[1] = 
6.90522e-310     0.109623   -0.0194895  0.000112898   0.00120515     0.238552  -0.00120515  0.000183692 -0.000452888   -0.0195148  0.000131272  -0.00113153       0.2386   0.00113153  0.000161002 -0.000445995
6.90522e-310     0.109623   -0.0194895  0.000112898   0.00120515     0.238552  -0.00120515  0.000183692 -0.000452888   -0.0195148  0.000131272  -0.00113153       0.2386   0.00113153  0.000161002 -0.000445995
           0   -0.0194895      7.49987    -0.124617      13.4144     -15.0646     -13.4144      7.52575     0.134259   0.00346947  -2.3271e-05  0.000201198   -0.0424199 -0.000201197 -2.85891e-05  7.90986e-05
           0  0.000112898    -0.124617   0.00475468    -0.521193      0.24993     0.521193    -0.125086  -0.00489004 -2.03962e-05  1.28978e-07 -5.63617e-07  0.000246327  5.63614e-07 -1.34268e-07 -4.51766e-07
  0.00120515   0.00120515      13.4144    -0.521193      57.1473     -26.8793     -57.1473      13.4673     0.535642 -0.000214602  1.54376e-06 -1.22929e-05   0.00262313  1.22931e-05  1.77053e-06 -5.19394e-06
    0.238552     0.238552     -15.0646      0.24993     -26.8793      30.6224      26.8793     -15.0807     -0.26987   -0.0424665  0.000285526  -0.00246227      0.51922   0.00246226   0.00035023 -0.000970147
 -0.00120515  -0.00120515     -13.4144     0.521193     -57.1473      26.8793      57.1473     -13.4673    -0.535642  0.000214601 -1.54377e-06   1.2295e-05  -0.00262313 -1.22952e-05 -1.77157e-06  5.19395e-06
 0.000183692  0.000183692      7.52575    -0.125086      13.4673     -15.0807     -13.4673      7.55527     0.134705  -3.2603e-05  2.89411e-07 -2.08142e-06  0.000399576  2.08157e-06  4.10932e-07 -9.43207e-07
-0.000452888 -0.000452888     0.134259  -0.00489004     0.535642     -0.26987    -0.535642     0.134705      43.4283  8.17357e-05 -5.21629e-07  2.42766e-06 -0.000987965 -2.42765e-06   4.5365e-07  1.82155e-06
  -0.0195148   -0.0195148   0.00346947 -2.03962e-05 -0.000214602   -0.0424665  0.000214601  -3.2603e-05  8.17357e-05      7.49293     0.116709     -13.3933     -15.0506      13.3933       7.5186     -0.10577
 0.000131272  0.000131272  -2.3271e-05  1.28978e-07  1.54376e-06  0.000285526 -1.54377e-06  2.89411e-07 -5.21629e-07     0.116709   0.00450377    -0.507028    -0.233633     0.507028     0.117186  -0.00431206
 -0.00113153  -0.00113153  0.000201198 -5.63617e-07 -1.22929e-05  -0.00246227   1.2295e-05 -2.08142e-06  2.42766e-06     -13.3933    -0.507028      57.0963      26.8367     -57.0963     -13.4456     0.485073
      0.2386       0.2386   -0.0424199  0.000246327   0.00262313      0.51922  -0.00262313  0.000399576 -0.000987965     -15.0506    -0.233633      26.8367       30.594     -26.8367     -15.0662     0.211138
  0.00113153   0.00113153 -0.000201197  5.63614e-07  1.22931e-05   0.00246226 -1.22952e-05  2.08157e-06 -2.42765e-06      13.3933     0.507028     -57.0963     -26.8367      57.0963      13.4456    -0.485073
 0.000161002  0.000161002 -2.85891e-05 -1.34268e-07  1.77053e-06   0.00035023 -1.77157e-06  4.10932e-07   4.5365e-07       7.5186     0.117186     -13.4456     -15.0662      13.4456      7.54792    -0.106261
-0.000445995 -0.000445995  7.90986e-05 -4.51766e-07 -5.19394e-06 -0.000970147  5.19395e-06 -9.43207e-07  1.82155e-06     -0.10577  -0.00431206     0.485073     0.211138    -0.485073    -0.106261      31.6984
Lstar[0] = 
6.90522e-310  -0.00299851  -0.00250988   1.8764e-08  1.77644e-08  2.75876e-07            0     0.107416     -2.57565  4.45762e-21 -5.39339e-09  -2.3739e-07
6.90522e-310     0.409527   -0.0230553  8.14991e-08  7.71577e-08  1.19824e-06            0     0.161977   0.00565731  1.93611e-20 -2.34256e-08 -1.03108e-06
6.90522e-310   -0.0230553   0.00155232  8.89764e-07  8.42367e-07  1.30817e-05            0  -0.00943522   0.00864464  2.11375e-19 -2.55748e-07 -1.12567e-05
6.90522e-310  8.14991e-08  8.89764e-07     0.554594  0.000141447  -0.00155948            0  3.45949e-08  -1.4564e-08 -4.57976e-15   0.00554118    -0.554855
 1.77644e-08  7.71577e-08  8.42367e-07  0.000141447     0.387393     0.022303            0   3.2752e-08 -1.37882e-08  1.16047e-13    -0.140409   -0.0342109
 2.75876e-07  1.19824e-06  1.30817e-05  -0.00155948     0.022303   0.00145659            0  5.08629e-07 -2.14127e-07  6.68775e-15   -0.0080917 -0.000534039
           0            0            0            0            0            0            0            0            0            0            0            0
    0.107416     0.161977  -0.00943522  3.45949e-08   3.2752e-08  5.08629e-07            0      62.7319    0.0424514  8.21844e-21 -9.94372e-09 -4.37673e-07
    -2.57565   0.00565731   0.00864464  -1.4564e-08 -1.37882e-08 -2.14127e-07            0    0.0424514      40.2277 -3.45987e-21  4.18619e-09  1.84255e-07
 4.45762e-21  1.93611e-20  2.11375e-19 -4.57976e-15  1.16047e-13  6.68775e-15            0  8.21844e-21 -3.45987e-21  7.36727e-24 -8.91387e-12  2.71241e-14
-5.39339e-09 -2.34256e-08 -2.55748e-07   0.00554118    -0.140409   -0.0080917            0 -9.94372e-09  4.18619e-09 -8.91387e-12      10.7851   -0.0328182
 -2.3739e-07 -1.03108e-06 -1.12567e-05    -0.554855   -0.0342109 -0.000534039            0 -4.37673e-07  1.84255e-07  2.71241e-14   -0.0328182      9.48582
Lstar[1] = 
6.90522e-310   -0.0194895  0.000112898   0.00120515     0.238552  -0.00120515  0.000183692 -0.000452888   -0.0195148  0.000131272  -0.00113153       0.2386   0.00113153  0.000161002 -0.000445995            0
6.90522e-310   -0.0194895  0.000112898   0.00120515     0.238552  -0.00120515  0.000183692 -0.000452888   -0.0195148  0.000131272  -0.00113153       0.2386   0.00113153  0.000161002 -0.000445995 1.44712e-320
6.90522e-310      7.49987    -0.124617      13.4144     -15.0646     -13.4144      7.52575     0.134259   0.00346947  -2.3271e-05  0.000201198   -0.0424199 -0.000201197 -2.85891e-05  7.90986e-05 6.90522e-310
6.90522e-310    -0.124617   0.00475468    -0.521193      0.24993     0.521193    -0.125086  -0.00489004 -2.03962e-05  1.28978e-07 -5.63617e-07  0.000246327  5.63614e-07 -1.34268e-07 -4.51766e-07 6.90522e-310
  0.00120515      13.4144    -0.521193      57.1473     -26.8793     -57.1473      13.4673     0.535642 -0.000214602  1.54376e-06 -1.22929e-05   0.00262313  1.22931e-05  1.77053e-06 -5.19394e-06            0
    0.238552     -15.0646      0.24993     -26.8793      30.6224      26.8793     -15.0807     -0.26987   -0.0424665  0.000285526  -0.00246227      0.51922   0.00246226   0.00035023 -0.000970147            0
 -0.00120515     -13.4144     0.521193     -57.1473      26.8793      57.1473     -13.4673    -0.535642  0.000214601 -1.54377e-06   1.2295e-05  -0.00262313 -1.22952e-05 -1.77157e-06  5.19395e-06   0.00120515
 0.000183692      7.52575    -0.125086      13.4673     -15.0807     -13.4673      7.55527     0.134705  -3.2603e-05  2.89411e-07 -2.08142e-06  0.000399576  2.08157e-06  4.10932e-07 -9.43207e-07     0.238552
-0.000452888     0.134259  -0.00489004     0.535642     -0.26987    -0.535642     0.134705      43.4283  8.17357e-05 -5.21629e-07  2.42766e-06 -0.000987965 -2.42765e-06   4.5365e-07  1.82155e-06  -0.00120515
  -0.0195148   0.00346947 -2.03962e-05 -0.000214602   -0.0424665  0.000214601  -3.2603e-05  8.17357e-05      7.49293     0.116709     -13.3933     -15.0506      13.3933       7.5186     -0.10577  0.000183692
 0.000131272  -2.3271e-05  1.28978e-07  1.54376e-06  0.000285526 -1.54377e-06  2.89411e-07 -5.21629e-07     0.116709   0.00450377    -0.507028    -0.233633     0.507028     0.117186  -0.00431206 -0.000452888
 -0.00113153  0.000201198 -5.63617e-07 -1.22929e-05  -0.00246227   1.2295e-05 -2.08142e-06  2.42766e-06     -13.3933    -0.507028      57.0963      26.8367     -57.0963     -13.4456     0.485073   -0.0195148
      0.2386   -0.0424199  0.000246327   0.00262313      0.51922  -0.00262313  0.000399576 -0.000987965     -15.0506    -0.233633      26.8367       30.594     -26.8367     -15.0662     0.211138  0.000131272
  0.00113153 -0.000201197  5.63614e-07  1.22931e-05   0.00246226 -1.22952e-05  2.08157e-06 -2.42765e-06      13.3933     0.507028     -57.0963     -26.8367      57.0963      13.4456    -0.485073  -0.00113153
 0.000161002 -2.85891e-05 -1.34268e-07  1.77053e-06   0.00035023 -1.77157e-06  4.10932e-07   4.5365e-07       7.5186     0.117186     -13.4456     -15.0662      13.4456      7.54792    -0.106261       0.2386
-0.000445995  7.90986e-05 -4.51766e-07 -5.19394e-06 -0.000970147  5.19395e-06 -9.43207e-07  1.82155e-06     -0.10577  -0.00431206     0.485073     0.211138    -0.485073    -0.106261      31.6984   0.00113153
Lstar[0] = 
6.90522e-310     0.270985   1.3556e-05  -0.00699065  0.000349772  0.000224137 -0.000102674   0.00607369   0.00436025   0.00290739  2.81945e-06 -0.000102674
6.90522e-310  -0.00435875     0.250604     0.147316  0.000349772 -3.21836e-06  -0.00250884     0.197942   0.00436025  4.02137e-10     0.193457  2.39164e-05
6.90522e-310     0.328133  0.000264621   0.00699066  0.000242837  0.000269616 -3.15032e-06  -0.00607369   0.00699066   0.00330426  0.000204987  0.000102674
6.90522e-310  1.74597e-05   0.00435875     0.199824  8.55589e-07  1.28921e-08  4.66207e-10     0.196713   6.8774e-05 -2.97233e-11   0.00330313  2.81945e-06
 -0.00436024     0.424861     0.270985  3.76065e-07  -6.8774e-05  -0.00436024  -0.00290738  2.39164e-05  -0.00754314     0.328129     0.209466    0.0230291
    0.270986     0.424861  -0.00435875     0.147731  0.000149905  -0.00436024 -4.33198e-10     0.160018  -0.00607369     0.328129  -0.00330313  7.79951e-06
  0.00436025     0.250607     0.328133    0.0001567   6.8774e-05  -0.00699065  -0.00330426  0.000167555   0.00754314     0.199824     0.253335   9.7932e-09
    0.328129  0.000349772  1.74597e-05   0.00250805  0.000306802  -6.8774e-05  2.98499e-11   0.00290631   0.00780352  0.000306802  1.32314e-05  1.30569e-10
  1.3556e-05  -0.00436024     0.250607      0.16002  9.37772e-07   0.00754314     0.270986     0.172484  0.000102674  -0.00780352   1.3556e-05  9.03994e-06
    0.250604     0.270986     0.250607  -0.00250805  0.000205791   0.00607369     0.270986  -0.00290631   0.00250884     0.196713   1.3556e-05 -1.30672e-10
 0.000264621   0.00436025     0.154073     0.193462  2.21447e-07  -0.00754314     0.147316     0.209469  3.15032e-06   0.00780352  3.76065e-07  1.02725e-05
  0.00435875     0.328129  0.000242837  1.00465e-05  3.21836e-06  -0.00780352  0.000149905  1.16416e-05 -4.35146e-10     0.259721  9.37772e-07  5.41537e-19
Lstar[1] = 
6.90522e-310     0.109623   -0.0194895  0.000112898   0.00120515     0.238552  -0.00120515  0.000183692 -0.000452888   -0.0195148  0.000131272  -0.00113153       0.2386   0.00113153  0.000161002 -0.000445995
6.90522e-310     0.109623   -0.0194895  0.000112898   0.00120515     0.238552  -0.00120515  0.000183692 -0.000452888   -0.0195148  0.000131272  -0.00113153       0.2386   0.00113153  0.000161002 -0.000445995
           0   -0.0194895      7.49987    -0.124617      13.4144     -15.0646     -13.4144      7.52575     0.134259   0.00346947  -2.3271e-05  0.000201198   -0.0424199 -0.000201197 -2.85891e-05  7.90986e-05
           0  0.000112898    -0.124617   0.00475468    -0.521193      0.24993     0.521193    -0.125086  -0.00489004 -2.03962e-05  1.28978e-07 -5.63617e-07  0.000246327  5.63614e-07 -1.34268e-07 -4.51766e-07
  0.00120515   0.00120515      13.4144    -0.521193      57.1473     -26.8793     -57.1473      13.4673     0.535642 -0.000214602  1.54376e-06 -1.22929e-05   0.00262313  1.22931e-05  1.77053e-06 -5.19394e-06
    0.238552     0.238552     -15.0646      0.24993     -26.8793      30.6224      26.8793     -15.0807     -0.26987   -0.0424665  0.000285526  -0.00246227      0.51922   0.00246226   0.00035023 -0.000970147
 -0.00120515  -0.00120515     -13.4144     0.521193     -57.1473      26.8793      57.1473     -13.4673    -0.535642  0.000214601 -1.54377e-06   1.2295e-05  -0.00262313 -1.22952e-05 -1.77157e-06  5.19395e-06
 0.000183692  0.000183692      7.52575    -0.125086      13.4673     -15.0807     -13.4673      7.55527     0.134705  -3.2603e-05  2.89411e-07 -2.08142e-06  0.000399576  2.08157e-06  4.10932e-07 -9.43207e-07
-0.000452888 -0.000452888     0.134259  -0.00489004     0.535642     -0.26987    -0.535642     0.134705      43.4283  8.17357e-05 -5.21629e-07  2.42766e-06 -0.000987965 -2.42765e-06   4.5365e-07  1.82155e-06
  -0.0195148   -0.0195148   0.00346947 -2.03962e-05 -0.000214602   -0.0424665  0.000214601  -3.2603e-05  8.17357e-05      7.49293     0.116709     -13.3933     -15.0506      13.3933       7.5186     -0.10577
 0.000131272  0.000131272  -2.3271e-05  1.28978e-07  1.54376e-06  0.000285526 -1.54377e-06  2.89411e-07 -5.21629e-07     0.116709   0.00450377    -0.507028    -0.233633     0.507028     0.117186  -0.00431206
 -0.00113153  -0.00113153  0.000201198 -5.63617e-07 -1.22929e-05  -0.00246227   1.2295e-05 -2.08142e-06  2.42766e-06     -13.3933    -0.507028      57.0963      26.8367     -57.0963     -13.4456     0.485073
      0.2386       0.2386   -0.0424199  0.000246327   0.00262313      0.51922  -0.00262313  0.000399576 -0.000987965     -15.0506    -0.233633      26.8367       30.594     -26.8367     -15.0662     0.211138
  0.00113153   0.00113153 -0.000201197  5.63614e-07  1.22931e-05   0.00246226 -1.22952e-05  2.08157e-06 -2.42765e-06      13.3933     0.507028     -57.0963     -26.8367      57.0963      13.4456    -0.485073
 0.000161002  0.000161002 -2.85891e-05 -1.34268e-07  1.77053e-06   0.00035023 -1.77157e-06  4.10932e-07   4.5365e-07       7.5186     0.117186     -13.4456     -15.0662      13.4456      7.54792    -0.106261
-0.000445995 -0.000445995  7.90986e-05 -4.51766e-07 -5.19394e-06 -0.000970147  5.19395e-06 -9.43207e-07  1.82155e-06     -0.10577  -0.00431206     0.485073     0.211138    -0.485073    -0.106261      31.6984
Lstar[0] = 
6.90522e-310  4.46274e-06  3.44587e-08 -2.78087e-07 -5.46242e-05  2.72694e-07 -3.50706e-07 -1.28562e-07    -0.484709  -0.00242191     0.865575      3.74978
6.90522e-310  1.93834e-05  1.49667e-07 -1.20784e-06 -0.000237254  1.18441e-06 -1.52325e-06 -5.58393e-07    0.0532437    -0.734604    -0.210656    -0.117704
6.90522e-310  0.000211617  1.63399e-06 -1.31865e-05  -0.00259021  1.29308e-05   -1.663e-05 -6.09623e-06    0.0403325     0.042138   -0.0747239   -0.0920398
6.90522e-310    -0.348093   0.00589384    -0.624654      2.69617     0.630195      -2.9031   -0.0332097  1.45609e-05 -1.54215e-07  8.46725e-07 -0.000178036
-7.74702e-05    0.0476516     0.694899     0.199574   -0.0951234    -0.339982     0.013106      -2.5295  1.37853e-05    -1.46e-07  8.01621e-07 -0.000168553
 -0.00120309    0.0377304    0.0395308    0.0642111   -0.0834202   -0.0723028    0.0427496    -0.145086  0.000214081 -2.26734e-06  1.24489e-05  -0.00261757
           0            0            0            0            0            0            0            0            0            0            0            0
-4.63454e-05  8.22789e-06  6.35311e-08 -5.12706e-07  -0.00010071  5.02762e-07 -6.46591e-07 -2.37027e-07   -0.0369164     -0.29135   0.00500273     0.461021
 1.95109e-05 -3.46384e-06 -2.67458e-08  2.15843e-07  4.23976e-05 -2.11657e-07  2.72207e-07  9.97857e-08      1.62116    0.0159565     -2.89438     -12.5313
-1.94395e-17  1.56325e-14   2.0816e-13  6.01224e-14 -4.78678e-14 -8.97399e-12  5.93205e-14  3.15146e-12  3.45913e-18 -3.66357e-20   2.0115e-19 -4.22948e-17
 2.35204e-05   -0.0189142    -0.251859   -0.0727438    0.0579165      10.8579   -0.0717736     -3.81304  -4.1853e-06  4.43265e-08 -2.43377e-07  5.11736e-05
  0.00103525     0.317204    -0.066646     0.567128     -2.63347    -0.599946      11.8042     0.661815 -0.000184216  1.95103e-06 -1.07122e-05    0.0022524
Lstar[1] = 
6.90522e-310  8.56976e-08 -0.000389531 -1.09403e-07     0.148421            0     0.105686 -2.78453e-14  -3.3618e-11     -0.97299  0.000161002  0.000161002 -2.85891e-05 -1.34268e-07  1.77053e-06   0.00035023
6.90522e-310  2.72706e-06 -1.64112e-19  8.56976e-08   0.00856249            0   0.00039552  -1.6051e-15 -7.69978e-14  1.8898e-320 -0.000445995 -0.000445995  7.90986e-05 -4.51766e-07 -5.19394e-06 -0.000970147
6.90522e-310            0  1.37345e-07  1.03935e-05            0            0 -0.000389531            0    0.0931618 6.90522e-310     0.109623   -0.0194895  0.000112898   0.00120515     0.238552  -0.00120515
6.90522e-310  -0.00631136 -5.10699e-08   0.00971062 -8.10261e-09            0 -4.12003e-10  2.35143e-21  0.000413498 6.90522e-310     0.109623   -0.0194895  0.000112898   0.00120515     0.238552  -0.00120515
-1.09403e-07   0.00039552 -6.69896e-09      2.57736  3.86387e-08  -0.00292708 -7.64672e-09 -1.89033e-19  3.15965e-08            0   -0.0194895      7.49987    -0.124617      13.4144     -15.0646     -13.4144
 6.02544e-07  1.07236e-18  1.13399e-08     0.148421  -1.6051e-15  -0.00631136  3.86387e-08  6.36384e-26   9.5809e-08            0  0.000112898    -0.124617   0.00475468    -0.521193      0.24993     0.521193
           0  5.60588e-09  6.53307e-07            0   0.00194205  0.000365877            0 -7.69978e-14 -5.10699e-08   0.00120515   0.00120515      13.4144    -0.521193      57.1473     -26.8793     -57.1473
