6.90522e-310    0.0409818   -0.0284776     0.146751    0.0947355    -0.113491    0.0704206   -0.0231059    0.0890451    0.0164501   -0.0710128   0.00745131    0.0852496     0.117234    0.0250968  1.45849e-06
6.90522e-310    0.0409818   -0.0284776     0.146751    0.0947355    -0.113491    0.0704206   -0.0231059    0.0890451    0.0164501   -0.0710128   0.00745131    0.0852496     0.117234    0.0250968 4.43177e-321
6.90522e-310    0.0962945     0.268534     -1.20011    -0.118435      1.20264     0.126472     0.243702    0.0344346   0.00636143   -0.0274614   0.00288149    0.0329669    0.0453356   0.00970517 6.90522e-310
6.90522e-310     0.268534     0.979058     -4.40693    -0.564315      4.36211      0.32593     0.884107   -0.0239281  -0.00442046    0.0190825  -0.00200231   -0.0229082    -0.031503  -0.00674397 6.90522e-310
    0.146751     -1.20011     -4.40693      19.8397      2.55393     -19.6324     -1.45296     -3.97908     0.123306    0.0227795   -0.0983359    0.0103183      0.11805     0.162341    0.0347531  3.14694e-05
   0.0947355    -0.118435    -0.564315      2.55393     0.383603     -2.50429    -0.128345    -0.507643    0.0796008    0.0147054   -0.0634811   0.00666101    0.0762079       0.1048     0.022435  7.58092e-05
   -0.113491      1.20264      4.36211     -19.6324     -2.50429      19.4367      1.46233       3.9394   -0.0953601   -0.0176168     0.076049  -0.00797975   -0.0912955    -0.125548   -0.0268766 -0.000360237
   0.0704206     0.126472      0.32593     -1.45296    -0.128345      1.46233     0.169219     0.296304    0.0591704    0.0109311   -0.0471879   0.00495138    0.0566483    0.0779019    0.0166768 -4.28493e-05
  -0.0231059     0.243702     0.884107     -3.97908    -0.507643       3.9394     0.296304      44.2217   -0.0194146  -0.00358663     0.015483  -0.00162461    -0.018587   -0.0255606  -0.00547186    0.0779312
   0.0890451    0.0344346   -0.0239281     0.123306    0.0796008   -0.0953601    0.0591704   -0.0194146     0.265249     0.491855     -2.33193    -0.265567      2.29145     0.280359      0.46417    -0.132987
   0.0164501   0.00636143  -0.00442046    0.0227795    0.0147054   -0.0176168    0.0109311  -0.00358663     0.491855      1.20256     -5.71505     -0.68121      5.58561     0.474705      1.11616  -0.00368466
  -0.0710128   -0.0274614    0.0190825   -0.0983359   -0.0634811     0.076049   -0.0471879     0.015483     -2.33193     -5.71505      27.1608      3.23854     -26.5446     -2.24849      -5.3038 -2.08234e-05
  0.00745131   0.00288149  -0.00200231    0.0103183   0.00666101  -0.00797975   0.00495138  -0.00162461    -0.265567     -0.68121      3.23854     0.388544     -3.16267    -0.251344    -0.630711 -8.05263e-06
   0.0852496    0.0329669   -0.0229082      0.11805    0.0762079   -0.0912955    0.0566483    -0.018587      2.29145      5.58561     -26.5446     -3.16267      25.9447      2.21416      5.18514  5.59565e-06
    0.117234    0.0453356    -0.031503     0.162341       0.1048    -0.125548    0.0779019   -0.0255606     0.280359     0.474705     -2.24849    -0.251344      2.21416     0.303354     0.450893 -2.88355e-05
   0.0250968   0.00970517  -0.00674397    0.0347531     0.022435   -0.0268766    0.0166768  -0.00547186      0.46417      1.11616      -5.3038    -0.630711      5.18514     0.450893      32.7311 -1.86149e-05
