6.90522e-310     0.040806    0.0939274  5.58683e-05  5.84885e-05 -0.000148878     0.332485    -0.248643     -2.49559 -1.20125e-05  -2.7199e-05  8.86014e-05
6.90522e-310     0.470391   -0.0978907 -7.46941e-05 -7.81972e-05  0.000199045    0.0197213     0.142521    -0.268117  1.60603e-05  3.63642e-05 -0.000118457
6.90522e-310   -0.0978907    0.0972621 -0.000147976 -0.000154916  0.000394325    0.0441388   -0.0671394    -0.305237  3.18169e-05  7.20407e-05 -0.000234674
6.90522e-310 -7.46941e-05 -0.000147976     0.532079   -0.0457453    0.0846621  1.48036e-05 -1.68188e-05 -0.000106725    0.0720068     0.136902     -0.53657
 5.84885e-05 -7.81972e-05 -0.000154916   -0.0457453     0.481649    0.0342579  1.54979e-05 -1.76076e-05  -0.00011173   -0.0106034    -0.191665    0.0431664
-0.000148878  0.000199045  0.000394325    0.0846621    0.0342579    0.0911272 -3.94487e-05  4.48186e-05    0.0002844    0.0196897    0.0167136    -0.151052
    0.332485    0.0197213    0.0441388  1.48036e-05  1.54979e-05 -3.94487e-05      1.07685     -5.36358     -4.60195 -3.18299e-06 -7.20702e-06  2.34771e-05
   -0.248643     0.142521   -0.0671394 -1.68188e-05 -1.76076e-05  4.48186e-05     -5.36358      61.7277      -3.8148  3.61627e-06  8.18807e-06 -2.66728e-05
    -2.49559    -0.268117    -0.305237 -0.000106725  -0.00011173    0.0002844     -4.60195      -3.8148      40.0826  2.29473e-05   5.1958e-05 -0.000169255
-1.20125e-05  1.60603e-05  3.18169e-05    0.0720068   -0.0106034    0.0196897 -3.18299e-06  3.61627e-06  2.29473e-05     0.159498     0.256078     -1.19838
 -2.7199e-05  3.63642e-05  7.20407e-05     0.136902    -0.191665    0.0167136 -7.20702e-06  8.18807e-06   5.1958e-05     0.256078      10.7604     0.239066
 8.86014e-05 -0.000118457 -0.000234674     -0.53657    0.0431664    -0.151052  2.34771e-05 -2.66728e-05 -0.000169255     -1.19838     0.239066      9.45607
